{
    "('475TC', '390TC')": {
        "popt": [
            3.692937668456784,
            0.07240194300013855,
            2.0658927889223166,
            -0.09999999999999949
        ],
        "pcov": [
            [
                0.1622293511402003,
                0.0012926244109771835,
                0.018398793925533705,
                0.002300758412555212
            ],
            [
                0.0012926244109771837,
                1.846751655772812e-05,
                0.00047265838051256464,
                -2.8831794405124838e-05
            ],
            [
                0.01839879392553371,
                0.00047265838051256464,
                0.09663333977807875,
                -0.0032216435902495373
            ],
            [
                0.002300758412555212,
                -2.8831794405124838e-05,
                -0.0032216435902495378,
                0.0004356205762790056
            ]
        ]
    },
    "('475TC', '300TC')": {
        "popt": [
            3.70168816823482,
            0.07767646983478821,
            1.6791006047274923,
            -0.02630455911623243
        ],
        "pcov": [
            [
                0.05446382101351883,
                0.00047171912290192074,
                0.007652198263357014,
                0.0007442077514580734
            ],
            [
                0.00047171912290192074,
                7.030711096222765e-06,
                0.0001632562751467073,
                -9.815916087099824e-06
            ],
            [
                0.007652198263357011,
                0.00016325627514670728,
                0.03539294205736309,
                -0.0010339574314130512
            ],
            [
                0.0007442077514580734,
                -9.815916087099824e-06,
                -0.0010339574314130512,
                0.00015045675505833452
            ]
        ]
    },
    "('475TC', '200TC')": {
        "popt": [
            3.9038985614374315,
            0.07623880210552807,
            1.5731242423783383,
            -0.029868633977539492
        ],
        "pcov": [
            [
                0.03700852316959962,
                0.00030935337407517514,
                0.004926760113500224,
                0.00046269943278097567
            ],
            [
                0.00030935337407517514,
                4.221459997195271e-06,
                9.067728532694248e-05,
                -4.718311288801211e-06
            ],
            [
                0.004926760113500224,
                9.067728532694248e-05,
                0.02071208865630102,
                -0.0005292511208331008
            ],
            [
                0.00046269943278097567,
                -4.7183112888012115e-06,
                -0.0005292511208331009,
                7.798553524734023e-05
            ]
        ]
    },
    "('475TC', '0A')": {
        "popt": [
            3.927879122405193,
            0.07496587141829765,
            1.5344213656830714,
            -0.04170776089073937
        ],
        "pcov": [
            [
                0.03138007266333182,
                0.0002573540845659107,
                0.004199928309741586,
                0.00038129247348498536
            ],
            [
                0.00025735408456591075,
                3.415685706780972e-06,
                7.308584278286774e-05,
                -3.651042139393505e-06
            ],
            [
                0.004199928309741588,
                7.308584278286775e-05,
                0.017273514738240524,
                -0.0004177276676882378
            ],
            [
                0.0003812924734849854,
                -3.651042139393505e-06,
                -0.0004177276676882378,
                6.145672154313294e-05
            ]
        ]
    },
    "('390TC', '300TC')": {
        "popt": [
            3.700700959512757,
            0.08612649013753222,
            1.150754539092228,
            0.09999999999999999
        ],
        "pcov": [
            [
                0.04887531299728706,
                0.00046970316109430177,
                0.008828640844663704,
                0.0006871255413431937
            ],
            [
                0.0004697031610943018,
                7.443408870159645e-06,
                0.00013803550899293084,
                -8.326586383597967e-06
            ],
            [
                0.008828640844663707,
                0.00013803550899293087,
                0.03380893334466077,
                -0.0007239688509627371
            ],
            [
                0.0006871255413431937,
                -8.326586383597963e-06,
                -0.0007239688509627371,
                0.00013894728162690156
            ]
        ]
    },
    "('390TC', '200TC')": {
        "popt": [
            4.1395443881015215,
            0.08027296333261835,
            1.1835923668260213,
            0.04186378933913093
        ],
        "pcov": [
            [
                0.07352169699100503,
                0.0006315126847518817,
                0.009570447687759626,
                0.0008691144821405193
            ],
            [
                0.0006315126847518817,
                8.192256879776531e-06,
                0.0001332644577393738,
                -5.711952780609028e-06
            ],
            [
                0.00957044768775963,
                0.0001332644577393738,
                0.034139134408206005,
                -0.0006429939008075706
            ],
            [
                0.0008691144821405193,
                -5.711952780609031e-06,
                -0.0006429939008075706,
                0.00011786506278682217
            ]
        ]
    },
    "('390TC', '0A')": {
        "popt": [
            4.122931858572803,
            0.07700032391246864,
            1.2267588146168886,
            0.0009941204970367963
        ],
        "pcov": [
            [
                0.061227738215667744,
                0.0005056005249256564,
                0.007879996279535036,
                0.0006997491037847523
            ],
            [
                0.0005056005249256564,
                6.3454021782526355e-06,
                0.00011034404760963263,
                -4.666661030096212e-06
            ],
            [
                0.007879996279535036,
                0.00011034404760963263,
                0.028840635072250854,
                -0.0005512544816181222
            ],
            [
                0.0006997491037847524,
                -4.666661030096211e-06,
                -0.0005512544816181222,
                9.35412139454298e-05
            ]
        ]
    },
    "('300TC', '200TC')": {
        "popt": [
            5.2288352838220895,
            0.07416186879206929,
            1.3077624557254357,
            -0.05285522455960446
        ],
        "pcov": [
            [
                0.4577774883922858,
                0.0033277606972672603,
                0.030328244598430195,
                0.0035157031924130683
            ],
            [
                0.0033277606972672608,
                3.124524277970133e-05,
                0.00034931800391936987,
                -3.3987743649478177e-06
            ],
            [
                0.030328244598430195,
                0.00034931800391936976,
                0.0827217850056231,
                -0.0013041004408345304
            ],
            [
                0.0035157031924130683,
                -3.398774364947814e-06,
                -0.0013041004408345304,
                0.00023339226199560673
            ]
        ]
    },
    "('300TC', '0A')": {
        "popt": [
            4.583310337334035,
            0.07087759281979351,
            1.3237415577051213,
            -0.07786024583908518
        ],
        "pcov": [
            [
                0.14408012346160434,
                0.0010520213456841835,
                0.01304928138965804,
                0.0013300283259317224
            ],
            [
                0.0010520213456841835,
                1.0805480111001571e-05,
                0.00016621797329826533,
                -4.440218350288069e-06
            ],
            [
                0.01304928138965804,
                0.00016621797329826533,
                0.04451834182411656,
                -0.0007724579861757472
            ],
            [
                0.0013300283259317222,
                -4.440218350288069e-06,
                -0.0007724579861757472,
                0.0001213898691723115
            ]
        ]
    },
    "('200TC', '0A')": {
        "popt": [
            4.109309318272011,
            0.0684509058563388,
            1.3332959521078396,
            -0.09999999999999999
        ],
        "pcov": [
            [
                0.04693731956490504,
                0.0003452155004285658,
                0.005884578237425474,
                0.0004842668034435855
            ],
            [
                0.0003452155004285658,
                3.896519971202248e-06,
                7.917599526450556e-05,
                -3.087062864908391e-06
            ],
            [
                0.005884578237425474,
                7.917599526450558e-05,
                0.022253825464648998,
                -0.00041257282077858637
            ],
            [
                0.0004842668034435855,
                -3.0870628649083908e-06,
                -0.00041257282077858637,
                5.95317821159203e-05
            ]
        ]
    },
    "('475TC', '390TC', '300TC')": {
        "popt": [
            4.0379653783085,
            0.0810094319345453,
            0.9193655926137027,
            0.09540566121679335
        ],
        "pcov": [
            [
                0.16299029156851302,
                0.001418823090658662,
                0.02480701161676881,
                0.001980787709071901
            ],
            [
                0.001418823090658662,
                1.879795929955643e-05,
                0.00028539231454450544,
                -1.2704465056676388e-05
            ],
            [
                0.02480701161676881,
                0.00028539231454450544,
                0.0833192138409734,
                -0.0012310466663633906
            ],
            [
                0.001980787709071901,
                -1.2704465056676388e-05,
                -0.0012310466663633906,
                0.00027133774882840805
            ]
        ]
    },
    "('475TC', '390TC', '200TC')": {
        "popt": [
            4.381861653566812,
            0.07992053800828632,
            1.237180748085101,
            0.040013151904150966
        ],
        "pcov": [
            [
                0.09251555516969184,
                0.0007748581161313363,
                0.009933836883247291,
                0.0010154427976065098
            ],
            [
                0.0007748581161313364,
                9.397951373018573e-06,
                0.0001389486814931182,
                -4.937688789958761e-06
            ],
            [
                0.009933836883247291,
                0.0001389486814931182,
                0.03439528274773296,
                -0.0006535785425894749
            ],
            [
                0.0010154427976065098,
                -4.937688789958761e-06,
                -0.0006535785425894749,
                0.00011756902772734639
            ]
        ]
    },
    "('475TC', '390TC', '0A')": {
        "popt": [
            4.253080783940293,
            0.07698508764865176,
            1.303359363816398,
            0.0011944106672995669
        ],
        "pcov": [
            [
                0.055075405929953226,
                0.00044945334163620614,
                0.006277763547643816,
                0.0006109447614098649
            ],
            [
                0.00044945334163620614,
                5.459549043199989e-06,
                9.08901274073575e-05,
                -3.549323598691843e-06
            ],
            [
                0.006277763547643816,
                9.08901274073575e-05,
                0.02290967589855511,
                -0.00045431680088250486
            ],
            [
                0.000610944761409865,
                -3.549323598691843e-06,
                -0.00045431680088250486,
                7.547539299695382e-05
            ]
        ]
    },
    "('475TC', '300TC', '200TC')": {
        "popt": [
            4.761208989176386,
            0.07956688044885858,
            1.7063457403692421,
            -0.049272398840733936
        ],
        "pcov": [
            [
                0.22930342118078048,
                0.0018438296937122848,
                0.014130013127001689,
                0.0024303754171657124
            ],
            [
                0.001843829693712285,
                2.0767061966944216e-05,
                0.00027047616448221514,
                -7.903201964125784e-06
            ],
            [
                0.014130013127001689,
                0.0002704761644822151,
                0.05842371759596134,
                -0.0014393481316628091
            ],
            [
                0.0024303754171657124,
                -7.903201964125791e-06,
                -0.0014393481316628094,
                0.00023087988601423656
            ]
        ]
    },
    "('475TC', '300TC', '0A')": {
        "popt": [
            4.604671342037701,
            0.07607390879982674,
            1.5733712030334557,
            -0.07722766090217012
        ],
        "pcov": [
            [
                0.1091928040179919,
                0.0008526681784965022,
                0.008494520267678395,
                0.0011240032187271828
            ],
            [
                0.0008526681784965022,
                9.47515554318014e-06,
                0.0001404008761883003,
                -4.3604038941665594e-06
            ],
            [
                0.008494520267678394,
                0.0001404008761883003,
                0.032413379050794666,
                -0.0007204146148657796
            ],
            [
                0.0011240032187271828,
                -4.3604038941665594e-06,
                -0.0007204146148657796,
                0.00011212214606607091
            ]
        ]
    },
    "('475TC', '200TC', '0A')": {
        "popt": [
            3.8351516102731464,
            0.07395700706958915,
            1.6143967142620999,
            -0.09999999999999999
        ],
        "pcov": [
            [
                0.06543696544733704,
                0.0005337623276286901,
                0.008937655985792074,
                0.0008126286192071502
            ],
            [
                0.0005337623276286901,
                7.2332570038521345e-06,
                0.0001659552166943107,
                -8.747130266842106e-06
            ],
            [
                0.008937655985792074,
                0.0001659552166943107,
                0.03858796931783672,
                -0.000992921314298702
            ],
            [
                0.0008126286192071502,
                -8.747130266842106e-06,
                -0.000992921314298702,
                0.00014048986686935526
            ]
        ]
    },
    "('390TC', '300TC', '200TC')": {
        "popt": [
            4.360444107647002,
            0.08521610626340423,
            0.8940241697860669,
            0.005120540896038204
        ],
        "pcov": [
            [
                0.19000806707101636,
                0.0016920559959462671,
                0.023927394181363606,
                0.0021938083294492355
            ],
            [
                0.0016920559959462671,
                2.1598619178593447e-05,
                0.0002662509247255434,
                -9.161571860760454e-06
            ],
            [
                0.023927394181363602,
                0.0002662509247255434,
                0.0727123409355529,
                -0.0010049373066284486
            ],
            [
                0.0021938083294492355,
                -9.161571860760452e-06,
                -0.0010049373066284486,
                0.0002524193288309289
            ]
        ]
    },
    "('390TC', '300TC', '0A')": {
        "popt": [
            4.5947431896706075,
            0.08164697923355317,
            1.0512516149187718,
            -0.04436915917465069
        ],
        "pcov": [
            [
                0.1756727156230692,
                0.001475176534078388,
                0.01822630942169711,
                0.0018014518804778431
            ],
            [
                0.001475176534078388,
                1.7193272457099294e-05,
                0.00021528256718552033,
                -5.783064597314111e-06
            ],
            [
                0.018226309421697114,
                0.00021528256718552036,
                0.05480454028718731,
                -0.0008463650558613487
            ],
            [
                0.0018014518804778433,
                -5.78306459731411e-06,
                -0.0008463650558613487,
                0.0001795730269296723
            ]
        ]
    },
    "('390TC', '200TC', '0A')": {
        "popt": [
            4.2963667923326385,
            0.07974732656252212,
            1.06047829675893,
            -0.016458851950375462
        ],
        "pcov": [
            [
                0.11209047344692101,
                0.0009422310017286922,
                0.01371819855610809,
                0.0012421348480565152
            ],
            [
                0.0009422310017286922,
                1.1546309863315237e-05,
                0.0001686466081873867,
                -6.101432512081814e-06
            ],
            [
                0.013718198556108091,
                0.00016864660818738673,
                0.04538730518528515,
                -0.0007373612450340953
            ],
            [
                0.0012421348480565152,
                -6.1014325120818165e-06,
                -0.0007373612450340953,
                0.000146108098908067
            ]
        ]
    },
    "('300TC', '200TC', '0A')": {
        "popt": [
            4.542419224935029,
            0.06984417099770365,
            1.291117486585128,
            -0.07458507566671217
        ],
        "pcov": [
            [
                0.13459537270227978,
                0.0009718558865973209,
                0.012707143065556833,
                0.0012347410022897785
            ],
            [
                0.0009718558865973208,
                9.919983093116797e-06,
                0.00015708080735592182,
                -4.263135372164476e-06
            ],
            [
                0.012707143065556833,
                0.00015708080735592184,
                0.04322678271935417,
                -0.0007273551450064402
            ],
            [
                0.0012347410022897785,
                -4.263135372164475e-06,
                -0.0007273551450064404,
                0.0001135072258892858
            ]
        ]
    },
    "('475TC', '390TC', '300TC', '200TC')": {
        "popt": [
            4.374345476848867,
            0.08252062224504665,
            1.1369169742191305,
            0.012952686202446797
        ],
        "pcov": [
            [
                0.1201344716545008,
                0.0010387199374934496,
                0.01365087744960357,
                0.0013517789980789041
            ],
            [
                0.0010387199374934496,
                1.2954015128810243e-05,
                0.0001806427317324515,
                -6.403792615348748e-06
            ],
            [
                0.013650877449603572,
                0.00018064273173245152,
                0.04519318612569912,
                -0.0007977756176946689
            ],
            [
                0.0013517789980789041,
                -6.403792615348747e-06,
                -0.0007977756176946689,
                0.00015846434116043346
            ]
        ]
    },
    "('475TC', '390TC', '300TC', '0A')": {
        "popt": [
            4.487880294637865,
            0.080287720603132,
            1.1824872275469855,
            -0.04029483785148894
        ],
        "pcov": [
            [
                0.10968845283096021,
                0.0009142937187987068,
                0.01140124636458982,
                0.0011618010793536001
            ],
            [
                0.0009142937187987066,
                1.0807008451855188e-05,
                0.0001488795899568741,
                -4.663150963372614e-06
            ],
            [
                0.01140124636458982,
                0.00014887958995687413,
                0.03721575457548307,
                -0.0006520338587025848
            ],
            [
                0.0011618010793536001,
                -4.663150963372613e-06,
                -0.0006520338587025848,
                0.0001242876864760123
            ]
        ]
    },
    "('475TC', '390TC', '200TC', '0A')": {
        "popt": [
            4.321258537279544,
            0.07873052660577735,
            1.2247434370602333,
            -0.012471347762118596
        ],
        "pcov": [
            [
                0.08127313822230807,
                0.000674029504915169,
                0.009134565192530081,
                0.0008945493316547701
            ],
            [
                0.000674029504915169,
                8.177456874391865e-06,
                0.00012596719757869003,
                -4.634524350363691e-06
            ],
            [
                0.009134565192530081,
                0.00012596719757869003,
                0.03193367095166867,
                -0.0005979630234498884
            ],
            [
                0.0008945493316547702,
                -4.634524350363689e-06,
                -0.0005979630234498884,
                0.00010602049120938769
            ]
        ]
    },
    "('475TC', '300TC', '200TC', '0A')": {
        "popt": [
            4.514793100951003,
            0.0742008652024963,
            1.5115440639799567,
            -0.07355916318199185
        ],
        "pcov": [
            [
                0.1020102388832167,
                0.000783331904015611,
                0.008764920982513254,
                0.0010418440906174893
            ],
            [
                0.000783331904015611,
                8.654892431652766e-06,
                0.00013629935575436376,
                -4.386155074447834e-06
            ],
            [
                0.008764920982513252,
                0.00013629935575436373,
                0.0329916639431162,
                -0.0006947734824791465
            ],
            [
                0.001041844090617489,
                -4.386155074447833e-06,
                -0.0006947734824791465,
                0.00010665610998923246
            ]
        ]
    },
    "('390TC', '300TC', '200TC', '0A')": {
        "popt": [
            4.709946481935352,
            0.08244196222813881,
            1.029346630068619,
            -0.040431531023067076
        ],
        "pcov": [
            [
                0.20157389378272056,
                0.0016933899970053047,
                0.020040273139149953,
                0.002001662535427425
            ],
            [
                0.0016933899970053047,
                1.9406477073533788e-05,
                0.00022858851864621907,
                -5.254741764143967e-06
            ],
            [
                0.020040273139149953,
                0.00022858851864621907,
                0.057066339642386645,
                -0.0008404075603557497
            ],
            [
                0.002001662535427425,
                -5.254741764143967e-06,
                -0.0008404075603557497,
                0.00018746332100322998
            ]
        ]
    },
    "('475TC', '390TC', '300TC', '200TC', '0A')": {
        "popt": [
            4.588899107549712,
            0.08098943929100608,
            1.155889120269255,
            -0.03639987102339531
        ],
        "pcov": [
            [
                0.1293787248268628,
                0.0010788275819605263,
                0.012801986465681682,
                0.0013325211580876072
            ],
            [
                0.0010788275819605263,
                1.254349112331623e-05,
                0.00016272454201288861,
                -4.565627618518677e-06
            ],
            [
                0.012801986465681682,
                0.0001627245420128886,
                0.040297581464574565,
                -0.0006835473944263555
            ],
            [
                0.0013325211580876072,
                -4.565627618518678e-06,
                -0.0006835473944263552,
                0.00013456047555265494
            ]
        ]
    }
}